12000000000000000000000000000002
01220000000000000000000000000002
00122000000000000000000000000002
00012200000000000000000000000002
00001220000000000000000000000002
00000122000000000000000000000002
00000010000000000000000000000002
00000001220000000000000000000002
00000000122000000000000000000002
00000000012200000000000000000002
00000000001220000000000000000002
00000000000122000000000000000002
00000000000012200000000000000002
00000000000001000000000000000002
00000000000000122000000000000002
00000000000000012200000000000002
00000000000000001220000000000002
00000000000000000122000000000002
00000000000000000012200000000002
00000000000000000001220000000002
00000000000000000000122000000002
00000000000000000000012200000002
00000000000000000000001000000002
22222222222222222222222222222222